0.000000 0.000000
0.300000 0.000000

0.300000 0.000000
0.292566 0.406303

0.292566 0.406303
0.000000 0.000000

0.000000 0.000000
0.292566 0.406303

0.292566 0.406303
0.000000 0.400000

0.000000 0.400000
0.000000 0.000000

0.300000 0.000000
0.600000 0.000000

0.600000 0.000000
0.586786 0.413136

0.586786 0.413136
0.300000 0.000000

0.300000 0.000000
0.586786 0.413136

0.586786 0.413136
0.292566 0.406303

0.292566 0.406303
0.300000 0.000000

0.600000 0.000000
0.900000 0.000000

0.900000 0.000000
0.881105 0.420973

0.881105 0.420973
0.600000 0.000000

0.600000 0.000000
0.881105 0.420973

0.881105 0.420973
0.586786 0.413136

0.586786 0.413136
0.600000 0.000000

0.900000 0.000000
1.200000 0.000000

1.200000 0.000000
1.174440 0.430442

1.174440 0.430442
0.900000 0.000000

0.900000 0.000000
1.174440 0.430442

1.174440 0.430442
0.881105 0.420973

0.881105 0.420973
0.900000 0.000000

1.200000 0.000000
1.500000 0.000000

1.500000 0.000000
1.465858 0.442421

1.465858 0.442421
1.200000 0.000000

1.200000 0.000000
1.465858 0.442421

1.465858 0.442421
1.174440 0.430442

1.174440 0.430442
1.200000 0.000000

1.500000 0.000000
1.800000 0.000000

1.800000 0.000000
1.754416 0.458192

1.754416 0.458192
1.500000 0.000000

1.500000 0.000000
1.754416 0.458192

1.754416 0.458192
1.465858 0.442421

1.465858 0.442421
1.500000 0.000000

1.800000 0.000000
2.100000 0.000000

2.100000 0.000000
2.039155 0.479741

2.039155 0.479741
1.800000 0.000000

1.800000 0.000000
2.039155 0.479741

2.039155 0.479741
1.754416 0.458192

1.754416 0.458192
1.800000 0.000000

2.100000 0.000000
2.400000 0.000000

2.400000 0.000000
2.319345 0.510287

2.319345 0.510287
2.100000 0.000000

2.100000 0.000000
2.319345 0.510287

2.319345 0.510287
2.039155 0.479741

2.039155 0.479741
2.100000 0.000000

2.400000 0.000000
2.700000 0.000000

2.700000 0.000000
2.595221 0.555343

2.595221 0.555343
2.400000 0.000000

2.400000 0.000000
2.595221 0.555343

2.595221 0.555343
2.319345 0.510287

2.319345 0.510287
2.400000 0.000000

2.700000 0.000000
3.000000 0.000000

3.000000 0.000000
2.869680 0.625174

2.869680 0.625174
2.700000 0.000000

2.700000 0.000000
2.869680 0.625174

2.869680 0.625174
2.595221 0.555343

2.595221 0.555343
2.700000 0.000000

3.000000 0.000000
3.300000 0.200000

3.300000 0.200000
3.150763 0.735624

3.150763 0.735624
3.000000 0.000000

3.000000 0.000000
3.150763 0.735624

3.150763 0.735624
2.869680 0.625174

2.869680 0.625174
3.000000 0.000000

3.300000 0.200000
3.600000 0.400000

3.600000 0.400000
3.441203 0.868988

3.441203 0.868988
3.300000 0.200000

3.300000 0.200000
3.441203 0.868988

3.441203 0.868988
3.150763 0.735624

3.150763 0.735624
3.300000 0.200000

3.600000 0.400000
3.900000 0.600000

3.900000 0.600000
3.739444 1.017382

3.739444 1.017382
3.600000 0.400000

3.600000 0.400000
3.739444 1.017382

3.739444 1.017382
3.441203 0.868988

3.441203 0.868988
3.600000 0.400000

3.900000 0.600000
4.200000 0.800000

4.200000 0.800000
4.043394 1.175507

4.043394 1.175507
3.900000 0.600000

3.900000 0.600000
4.043394 1.175507

4.043394 1.175507
3.739444 1.017382

3.739444 1.017382
3.900000 0.600000

4.200000 0.800000
4.500000 1.000000

4.500000 1.000000
4.351429 1.339887

4.351429 1.339887
4.200000 0.800000

4.200000 0.800000
4.351429 1.339887

4.351429 1.339887
4.043394 1.175507

4.043394 1.175507
4.200000 0.800000

4.500000 1.000000
4.800000 1.200000

4.800000 1.200000
4.662717 1.508182

4.662717 1.508182
4.500000 1.000000

4.500000 1.000000
4.662717 1.508182

4.662717 1.508182
4.351429 1.339887

4.351429 1.339887
4.500000 1.000000

4.800000 1.200000
5.100000 1.400000

5.100000 1.400000
4.977434 1.678605

4.977434 1.678605
4.800000 1.200000

4.800000 1.200000
4.977434 1.678605

4.977434 1.678605
4.662717 1.508182

4.662717 1.508182
4.800000 1.200000

5.100000 1.400000
5.400000 1.600000

5.400000 1.600000
5.297444 1.849296

5.297444 1.849296
5.100000 1.400000

5.100000 1.400000
5.297444 1.849296

5.297444 1.849296
4.977434 1.678605

4.977434 1.678605
5.100000 1.400000

5.400000 1.600000
5.700000 1.800000

5.700000 1.800000
5.629099 2.016787

5.629099 2.016787
5.400000 1.600000

5.400000 1.600000
5.629099 2.016787

5.629099 2.016787
5.297444 1.849296

5.297444 1.849296
5.400000 1.600000

5.700000 1.800000
6.000000 2.000000

6.000000 2.000000
5.997182 2.167718

5.997182 2.167718
5.700000 1.800000

5.700000 1.800000
5.997182 2.167718

5.997182 2.167718
5.629099 2.016787

5.629099 2.016787
5.700000 1.800000

6.000000 2.000000
6.600000 2.000000

6.600000 2.000000
6.595226 2.191214

6.595226 2.191214
6.000000 2.000000

6.000000 2.000000
6.595226 2.191214

6.595226 2.191214
5.997182 2.167718

5.997182 2.167718
6.000000 2.000000

6.600000 2.000000
7.200000 2.000000

7.200000 2.000000
7.198106 2.196986

7.198106 2.196986
6.600000 2.000000

6.600000 2.000000
7.198106 2.196986

7.198106 2.196986
6.595226 2.191214

6.595226 2.191214
6.600000 2.000000

7.200000 2.000000
7.800000 2.000000

7.800000 2.000000
7.799274 2.198886

7.799274 2.198886
7.200000 2.000000

7.200000 2.000000
7.799274 2.198886

7.799274 2.198886
7.198106 2.196986

7.198106 2.196986
7.200000 2.000000

7.800000 2.000000
8.400000 2.000000

8.400000 2.000000
8.399713 2.199624

8.399713 2.199624
7.800000 2.000000

7.800000 2.000000
8.399713 2.199624

8.399713 2.199624
7.799274 2.198886

7.799274 2.198886
7.800000 2.000000

8.400000 2.000000
9.000000 2.000000

9.000000 2.000000
9.000000 2.200000

9.000000 2.200000
8.400000 2.000000

8.400000 2.000000
9.000000 2.200000

9.000000 2.200000
8.399713 2.199624

8.399713 2.199624
8.400000 2.000000

0.000000 0.400000
0.292566 0.406303

0.292566 0.406303
0.282097 0.811597

0.282097 0.811597
0.000000 0.400000

0.000000 0.400000
0.282097 0.811597

0.282097 0.811597
0.000000 0.800000

0.000000 0.800000
0.000000 0.400000

0.292566 0.406303
0.586786 0.413136

0.586786 0.413136
0.567646 0.824038

0.567646 0.824038
0.292566 0.406303

0.292566 0.406303
0.567646 0.824038

0.567646 0.824038
0.282097 0.811597

0.282097 0.811597
0.292566 0.406303

0.586786 0.413136
0.881105 0.420973

0.881105 0.420973
0.853747 0.838057

0.853747 0.838057
0.586786 0.413136

0.586786 0.413136
0.853747 0.838057

0.853747 0.838057
0.567646 0.824038

0.567646 0.824038
0.586786 0.413136

0.881105 0.420973
1.174440 0.430442

1.174440 0.430442
1.138331 0.854559

1.138331 0.854559
0.881105 0.420973

0.881105 0.420973
1.138331 0.854559

1.138331 0.854559
0.853747 0.838057

0.853747 0.838057
0.881105 0.420973

1.174440 0.430442
1.465858 0.442421

1.465858 0.442421
1.419853 0.874670

1.419853 0.874670
1.174440 0.430442

1.174440 0.430442
1.419853 0.874670

1.419853 0.874670
1.138331 0.854559

1.138331 0.854559
1.174440 0.430442

1.465858 0.442421
1.754416 0.458192

1.754416 0.458192
1.697201 0.899828

1.697201 0.899828
1.465858 0.442421

1.465858 0.442421
1.697201 0.899828

1.697201 0.899828
1.419853 0.874670

1.419853 0.874670
1.465858 0.442421

1.754416 0.458192
2.039155 0.479741

2.039155 0.479741
1.969819 0.931885

1.969819 0.931885
1.754416 0.458192

1.754416 0.458192
1.969819 0.931885

1.969819 0.931885
1.697201 0.899828

1.697201 0.899828
1.754416 0.458192

2.039155 0.479741
2.319345 0.510287

2.319345 0.510287
2.238067 0.973240

2.238067 0.973240
2.039155 0.479741

2.039155 0.479741
2.238067 0.973240

2.238067 0.973240
1.969819 0.931885

1.969819 0.931885
2.039155 0.479741

2.319345 0.510287
2.595221 0.555343

2.595221 0.555343
2.503754 1.026944

2.503754 1.026944
2.319345 0.510287

2.319345 0.510287
2.503754 1.026944

2.503754 1.026944
2.238067 0.973240

2.238067 0.973240
2.319345 0.510287

2.595221 0.555343
2.869680 0.625174

2.869680 0.625174
2.770639 1.096546

2.770639 1.096546
2.595221 0.555343

2.595221 0.555343
2.770639 1.096546

2.770639 1.096546
2.503754 1.026944

2.503754 1.026944
2.595221 0.555343

2.869680 0.625174
3.150763 0.735624

3.150763 0.735624
3.044118 1.184568

3.044118 1.184568
2.869680 0.625174

2.869680 0.625174
3.044118 1.184568

3.044118 1.184568
2.770639 1.096546

2.770639 1.096546
2.869680 0.625174

3.150763 0.735624
3.441203 0.868988

3.441203 0.868988
3.327652 1.288594

3.327652 1.288594
3.150763 0.735624

3.150763 0.735624
3.327652 1.288594

3.327652 1.288594
3.044118 1.184568

3.044118 1.184568
3.150763 0.735624

3.441203 0.868988
3.739444 1.017382

3.739444 1.017382
3.621852 1.405748

3.621852 1.405748
3.441203 0.868988

3.441203 0.868988
3.621852 1.405748

3.621852 1.405748
3.327652 1.288594

3.327652 1.288594
3.441203 0.868988

3.739444 1.017382
4.043394 1.175507

4.043394 1.175507
3.925672 1.533147

3.925672 1.533147
3.739444 1.017382

3.739444 1.017382
3.925672 1.533147

3.925672 1.533147
3.621852 1.405748

3.621852 1.405748
3.739444 1.017382

4.043394 1.175507
4.351429 1.339887

4.351429 1.339887
4.237650 1.668145

4.237650 1.668145
4.043394 1.175507

4.043394 1.175507
4.237650 1.668145

4.237650 1.668145
3.925672 1.533147

3.925672 1.533147
4.043394 1.175507

4.351429 1.339887
4.662717 1.508182

4.662717 1.508182
4.556896 1.808354

4.556896 1.808354
4.351429 1.339887

4.351429 1.339887
4.556896 1.808354

4.556896 1.808354
4.237650 1.668145

4.237650 1.668145
4.351429 1.339887

4.662717 1.508182
4.977434 1.678605

4.977434 1.678605
4.883946 1.951446

4.883946 1.951446
4.662717 1.508182

4.662717 1.508182
4.883946 1.951446

4.883946 1.951446
4.556896 1.808354

4.556896 1.808354
4.662717 1.508182

4.977434 1.678605
5.297444 1.849296

5.297444 1.849296
5.222159 2.094566

5.222159 2.094566
4.977434 1.678605

4.977434 1.678605
5.222159 2.094566

5.222159 2.094566
4.883946 1.951446

4.883946 1.951446
4.977434 1.678605

5.297444 1.849296
5.629099 2.016787

5.629099 2.016787
5.581662 2.232504

5.581662 2.232504
5.297444 1.849296

5.297444 1.849296
5.581662 2.232504

5.581662 2.232504
5.222159 2.094566

5.222159 2.094566
5.297444 1.849296

5.629099 2.016787
5.997182 2.167718

5.997182 2.167718
5.993979 2.350278

5.993979 2.350278
5.629099 2.016787

5.629099 2.016787
5.993979 2.350278

5.993979 2.350278
5.581662 2.232504

5.581662 2.232504
5.629099 2.016787

5.997182 2.167718
6.595226 2.191214

6.595226 2.191214
6.589280 2.384219

6.589280 2.384219
5.997182 2.167718

5.997182 2.167718
6.589280 2.384219

6.589280 2.384219
5.993979 2.350278

5.993979 2.350278
5.997182 2.167718

6.595226 2.191214
7.198106 2.196986

7.198106 2.196986
7.195295 2.394374

7.195295 2.394374
6.595226 2.191214

6.595226 2.191214
7.195295 2.394374

7.195295 2.394374
6.589280 2.384219

6.589280 2.384219
6.595226 2.191214

7.198106 2.196986
7.799274 2.198886

7.799274 2.198886
7.798126 2.397898

7.798126 2.397898
7.198106 2.196986

7.198106 2.196986
7.798126 2.397898

7.798126 2.397898
7.195295 2.394374

7.195295 2.394374
7.198106 2.196986

7.799274 2.198886
8.399713 2.199624

8.399713 2.199624
8.399257 2.399287

8.399257 2.399287
7.799274 2.198886

7.799274 2.198886
8.399257 2.399287

8.399257 2.399287
7.798126 2.397898

7.798126 2.397898
7.799274 2.198886

8.399713 2.199624
9.000000 2.200000

9.000000 2.200000
9.000000 2.400000

9.000000 2.400000
8.399713 2.199624

8.399713 2.199624
9.000000 2.400000

9.000000 2.400000
8.399257 2.399287

8.399257 2.399287
8.399713 2.199624

0.000000 0.800000
0.282097 0.811597

0.282097 0.811597
0.270451 1.215374

0.270451 1.215374
0.000000 0.800000

0.000000 0.800000
0.270451 1.215374

0.270451 1.215374
0.000000 1.200000

0.000000 1.200000
0.000000 0.800000

0.282097 0.811597
0.567646 0.824038

0.567646 0.824038
0.545955 1.231653

0.545955 1.231653
0.282097 0.811597

0.282097 0.811597
0.545955 1.231653

0.545955 1.231653
0.270451 1.215374

0.270451 1.215374
0.282097 0.811597

0.567646 0.824038
0.853747 0.838057

0.853747 0.838057
0.822885 1.249639

0.822885 1.249639
0.567646 0.824038

0.567646 0.824038
0.822885 1.249639

0.822885 1.249639
0.545955 1.231653

0.545955 1.231653
0.567646 0.824038

0.853747 0.838057
1.138331 0.854559

1.138331 0.854559
1.098601 1.270254

1.098601 1.270254
0.853747 0.838057

0.853747 0.838057
1.098601 1.270254

1.098601 1.270254
0.822885 1.249639

0.822885 1.249639
0.853747 0.838057

1.138331 0.854559
1.419853 0.874670

1.419853 0.874670
1.371334 1.294539

1.371334 1.294539
1.138331 0.854559

1.138331 0.854559
1.371334 1.294539

1.371334 1.294539
1.098601 1.270254

1.098601 1.270254
1.138331 0.854559

1.419853 0.874670
1.697201 0.899828

1.697201 0.899828
1.640147 1.323676

1.640147 1.323676
1.419853 0.874670

1.419853 0.874670
1.640147 1.323676

1.640147 1.323676
1.371334 1.294539

1.371334 1.294539
1.419853 0.874670

1.697201 0.899828
1.969819 0.931885

1.969819 0.931885
1.905001 1.358990

1.905001 1.358990
1.697201 0.899828

1.697201 0.899828
1.905001 1.358990

1.905001 1.358990
1.640147 1.323676

1.640147 1.323676
1.697201 0.899828

1.969819 0.931885
2.238067 0.973240

2.238067 0.973240
2.166915 1.401947

2.166915 1.401947
1.969819 0.931885

1.969819 0.931885
2.166915 1.401947

2.166915 1.401947
1.905001 1.358990

1.905001 1.358990
1.969819 0.931885

2.238067 0.973240
2.503754 1.026944

2.503754 1.026944
2.428091 1.454086

2.428091 1.454086
2.238067 0.973240

2.238067 0.973240
2.428091 1.454086

2.428091 1.454086
2.166915 1.401947

2.166915 1.401947
2.238067 0.973240

2.503754 1.026944
2.770639 1.096546

2.770639 1.096546
2.691874 1.516814

2.691874 1.516814
2.503754 1.026944

2.503754 1.026944
2.691874 1.516814

2.691874 1.516814
2.428091 1.454086

2.428091 1.454086
2.503754 1.026944

2.770639 1.096546
3.044118 1.184568

3.044118 1.184568
2.962234 1.590929

2.962234 1.590929
2.770639 1.096546

2.770639 1.096546
2.962234 1.590929

2.962234 1.590929
2.691874 1.516814

2.691874 1.516814
2.770639 1.096546

3.044118 1.184568
3.327652 1.288594

3.327652 1.288594
3.242395 1.676062

3.242395 1.676062
3.044118 1.184568

3.044118 1.184568
3.242395 1.676062

3.242395 1.676062
2.962234 1.590929

2.962234 1.590929
3.044118 1.184568

3.327652 1.288594
3.621852 1.405748

3.621852 1.405748
3.534012 1.771203

3.534012 1.771203
3.327652 1.288594

3.327652 1.288594
3.534012 1.771203

3.534012 1.771203
3.242395 1.676062

3.242395 1.676062
3.327652 1.288594

3.621852 1.405748
3.925672 1.533147

3.925672 1.533147
3.837288 1.874941

3.837288 1.874941
3.621852 1.405748

3.621852 1.405748
3.837288 1.874941

3.837288 1.874941
3.534012 1.771203

3.534012 1.771203
3.621852 1.405748

3.925672 1.533147
4.237650 1.668145

4.237650 1.668145
4.151681 1.985595

4.151681 1.985595
3.925672 1.533147

3.925672 1.533147
4.151681 1.985595

4.151681 1.985595
3.837288 1.874941

3.837288 1.874941
3.925672 1.533147

4.237650 1.668145
4.556896 1.808354

4.556896 1.808354
4.476892 2.101254

4.476892 2.101254
4.237650 1.668145

4.237650 1.668145
4.476892 2.101254

4.476892 2.101254
4.151681 1.985595

4.151681 1.985595
4.237650 1.668145

4.556896 1.808354
4.883946 1.951446

4.883946 1.951446
4.814059 2.219663

4.814059 2.219663
4.556896 1.808354

4.556896 1.808354
4.814059 2.219663

4.814059 2.219663
4.476892 2.101254

4.476892 2.101254
4.556896 1.808354

4.883946 1.951446
5.222159 2.094566

5.222159 2.094566
5.167600 2.337722

5.167600 2.337722
4.883946 1.951446

4.883946 1.951446
5.167600 2.337722

5.167600 2.337722
4.814059 2.219663

4.814059 2.219663
4.883946 1.951446

5.222159 2.094566
5.581662 2.232504

5.581662 2.232504
5.549423 2.449927

5.549423 2.449927
5.222159 2.094566

5.222159 2.094566
5.549423 2.449927

5.549423 2.449927
5.167600 2.337722

5.167600 2.337722
5.222159 2.094566

5.581662 2.232504
5.993979 2.350278

5.993979 2.350278
5.991383 2.543120

5.991383 2.543120
5.581662 2.232504

5.581662 2.232504
5.991383 2.543120

5.991383 2.543120
5.549423 2.449927

5.549423 2.449927
5.581662 2.232504

5.993979 2.350278
6.589280 2.384219

6.589280 2.384219
6.583456 2.579731

6.583456 2.579731
5.993979 2.350278

5.993979 2.350278
6.583456 2.579731

6.583456 2.579731
5.991383 2.543120

5.991383 2.543120
5.993979 2.350278

6.589280 2.384219
7.195295 2.394374

7.195295 2.394374
7.192014 2.592466

7.192014 2.592466
6.589280 2.384219

6.589280 2.384219
7.192014 2.592466

7.192014 2.592466
6.583456 2.579731

6.583456 2.579731
6.589280 2.384219

7.195295 2.394374
7.798126 2.397898

7.798126 2.397898
7.796678 2.597142

7.796678 2.597142
7.195295 2.394374

7.195295 2.394374
7.796678 2.597142

7.796678 2.597142
7.192014 2.592466

7.192014 2.592466
7.195295 2.394374

7.798126 2.397898
8.399257 2.399287

8.399257 2.399287
8.398673 2.599025

8.398673 2.599025
7.798126 2.397898

7.798126 2.397898
8.398673 2.599025

8.398673 2.599025
7.796678 2.597142

7.796678 2.597142
7.798126 2.397898

8.399257 2.399287
9.000000 2.400000

9.000000 2.400000
9.000000 2.600000

9.000000 2.600000
8.399257 2.399287

8.399257 2.399287
9.000000 2.600000

9.000000 2.600000
8.398673 2.599025

8.398673 2.599025
8.399257 2.399287

0.000000 1.200000
0.270451 1.215374

0.270451 1.215374
0.259269 1.617440

0.259269 1.617440
0.000000 1.200000

0.000000 1.200000
0.259269 1.617440

0.259269 1.617440
0.000000 1.600000

0.000000 1.600000
0.000000 1.200000

0.270451 1.215374
0.545955 1.231653

0.545955 1.231653
0.524793 1.635663

0.524793 1.635663
0.270451 1.215374

0.270451 1.215374
0.524793 1.635663

0.524793 1.635663
0.259269 1.617440

0.259269 1.617440
0.270451 1.215374

0.545955 1.231653
0.822885 1.249639

0.822885 1.249639
0.792836 1.655430

0.792836 1.655430
0.545955 1.231653

0.545955 1.231653
0.792836 1.655430

0.792836 1.655430
0.524793 1.635663

0.524793 1.635663
0.545955 1.231653

0.822885 1.249639
1.098601 1.270254

1.098601 1.270254
1.060597 1.677562

1.060597 1.677562
0.822885 1.249639

0.822885 1.249639
1.060597 1.677562

1.060597 1.677562
0.792836 1.655430

0.792836 1.655430
0.822885 1.249639

1.098601 1.270254
1.371334 1.294539

1.371334 1.294539
1.326282 1.702923

1.326282 1.702923
1.098601 1.270254

1.098601 1.270254
1.326282 1.702923

1.326282 1.702923
1.060597 1.677562

1.060597 1.677562
1.098601 1.270254

1.371334 1.294539
1.640147 1.323676

1.640147 1.323676
1.589100 1.732406

1.589100 1.732406
1.371334 1.294539

1.371334 1.294539
1.589100 1.732406

1.589100 1.732406
1.326282 1.702923

1.326282 1.702923
1.371334 1.294539

1.640147 1.323676
1.905001 1.358990

1.905001 1.358990
1.849256 1.766918

1.849256 1.766918
1.640147 1.323676

1.640147 1.323676
1.849256 1.766918

1.849256 1.766918
1.589100 1.732406

1.589100 1.732406
1.640147 1.323676

1.905001 1.358990
2.166915 1.401947

2.166915 1.401947
2.107931 1.807357

2.107931 1.807357
1.905001 1.358990

1.905001 1.358990
2.107931 1.807357

2.107931 1.807357
1.849256 1.766918

1.849256 1.766918
1.905001 1.358990

2.166915 1.401947
2.428091 1.454086

2.428091 1.454086
2.367217 1.854558

2.367217 1.854558
2.166915 1.401947

2.166915 1.401947
2.367217 1.854558

2.367217 1.854558
2.107931 1.807357

2.107931 1.807357
2.166915 1.401947

2.428091 1.454086
2.691874 1.516814

2.691874 1.516814
2.629952 1.909204

2.629952 1.909204
2.428091 1.454086

2.428091 1.454086
2.629952 1.909204

2.629952 1.909204
2.367217 1.854558

2.367217 1.854558
2.428091 1.454086

2.691874 1.516814
2.962234 1.590929

2.962234 1.590929
2.899330 1.971685

2.899330 1.971685
2.691874 1.516814

2.691874 1.516814
2.899330 1.971685

2.899330 1.971685
2.629952 1.909204

2.629952 1.909204
2.691874 1.516814

2.962234 1.590929
3.242395 1.676062

3.242395 1.676062
3.178261 2.041973

3.178261 2.041973
2.962234 1.590929

2.962234 1.590929
3.178261 2.041973

3.178261 2.041973
2.899330 1.971685

2.899330 1.971685
2.962234 1.590929

3.242395 1.676062
3.534012 1.771203

3.534012 1.771203
3.468815 2.119668

3.468815 2.119668
3.242395 1.676062

3.242395 1.676062
3.468815 2.119668

3.468815 2.119668
3.178261 2.041973

3.178261 2.041973
3.242395 1.676062

3.534012 1.771203
3.837288 1.874941

3.837288 1.874941
3.772061 2.204027

3.772061 2.204027
3.534012 1.771203

3.534012 1.771203
3.772061 2.204027

3.772061 2.204027
3.468815 2.119668

3.468815 2.119668
3.534012 1.771203

3.837288 1.874941
4.151681 1.985595

4.151681 1.985595
4.088392 2.293970

4.088392 2.293970
3.837288 1.874941

3.837288 1.874941
4.088392 2.293970

4.088392 2.293970
3.772061 2.204027

3.772061 2.204027
3.837288 1.874941

4.151681 1.985595
4.476892 2.101254

4.476892 2.101254
4.418303 2.388042

4.418303 2.388042
4.151681 1.985595

4.151681 1.985595
4.418303 2.388042

4.418303 2.388042
4.088392 2.293970

4.088392 2.293970
4.151681 1.985595

4.476892 2.101254
4.814059 2.219663

4.814059 2.219663
4.763616 2.484274

4.763616 2.484274
4.476892 2.101254

4.476892 2.101254
4.763616 2.484274

4.763616 2.484274
4.418303 2.388042

4.418303 2.388042
4.476892 2.101254

4.814059 2.219663
5.167600 2.337722

5.167600 2.337722
5.129478 2.579770

5.129478 2.579770
4.814059 2.219663

4.814059 2.219663
5.129478 2.579770

5.129478 2.579770
4.763616 2.484274

4.763616 2.484274
4.814059 2.219663

5.167600 2.337722
5.549423 2.449927

5.549423 2.449927
5.528421 2.669519

5.528421 2.669519
5.167600 2.337722

5.167600 2.337722
5.528421 2.669519

5.528421 2.669519
5.129478 2.579770

5.129478 2.579770
5.167600 2.337722

5.549423 2.449927
5.991383 2.543120

5.991383 2.543120
5.990247 2.743060

5.990247 2.743060
5.549423 2.449927

5.549423 2.449927
5.990247 2.743060

5.990247 2.743060
5.528421 2.669519

5.528421 2.669519
5.549423 2.449927

5.991383 2.543120
6.583456 2.579731

6.583456 2.579731
6.578603 2.777816

6.578603 2.777816
5.991383 2.543120

5.991383 2.543120
6.578603 2.777816

6.578603 2.777816
5.990247 2.743060

5.990247 2.743060
5.991383 2.543120

6.583456 2.579731
7.192014 2.592466

7.192014 2.592466
7.188701 2.791419

7.188701 2.791419
6.583456 2.579731

6.583456 2.579731
7.188701 2.791419

7.188701 2.791419
6.578603 2.777816

6.578603 2.777816
6.583456 2.579731

7.192014 2.592466
7.796678 2.597142

7.796678 2.597142
7.795085 2.796689

7.795085 2.796689
7.192014 2.592466

7.192014 2.592466
7.795085 2.796689

7.795085 2.796689
7.188701 2.791419

7.188701 2.791419
7.192014 2.592466

7.796678 2.597142
8.398673 2.599025

8.398673 2.599025
8.398016 2.798863

8.398016 2.798863
7.796678 2.597142

7.796678 2.597142
8.398016 2.798863

8.398016 2.798863
7.795085 2.796689

7.795085 2.796689
7.796678 2.597142

8.398673 2.599025
9.000000 2.600000

9.000000 2.600000
9.000000 2.800000

9.000000 2.800000
8.398673 2.599025

8.398673 2.599025
9.000000 2.800000

9.000000 2.800000
8.398016 2.798863

8.398016 2.798863
8.398673 2.599025

0.000000 1.600000
0.259269 1.617440

0.259269 1.617440
0.249797 2.017829

0.249797 2.017829
0.000000 1.600000

0.000000 1.600000
0.249797 2.017829

0.249797 2.017829
0.000000 2.000000

0.000000 2.000000
0.000000 1.600000

0.259269 1.617440
0.524793 1.635663

0.524793 1.635663
0.506522 2.036237

0.506522 2.036237
0.259269 1.617440

0.259269 1.617440
0.506522 2.036237

0.506522 2.036237
0.249797 2.017829

0.249797 2.017829
0.259269 1.617440

0.524793 1.635663
0.792836 1.655430

0.792836 1.655430
0.766784 2.055891

0.766784 2.055891
0.524793 1.635663

0.524793 1.635663
0.766784 2.055891

0.766784 2.055891
0.506522 2.036237

0.506522 2.036237
0.524793 1.635663

0.792836 1.655430
1.060597 1.677562

1.060597 1.677562
1.027926 2.077479

1.027926 2.077479
0.792836 1.655430

0.792836 1.655430
1.027926 2.077479

1.027926 2.077479
0.766784 2.055891

0.766784 2.055891
0.792836 1.655430

1.060597 1.677562
1.326282 1.702923

1.326282 1.702923
1.288235 2.101691

1.288235 2.101691
1.060597 1.677562

1.060597 1.677562
1.288235 2.101691

1.288235 2.101691
1.027926 2.077479

1.027926 2.077479
1.060597 1.677562

1.326282 1.702923
1.589100 1.732406

1.589100 1.732406
1.546993 2.129194

1.546993 2.129194
1.326282 1.702923

1.326282 1.702923
1.546993 2.129194

1.546993 2.129194
1.288235 2.101691

1.288235 2.101691
1.326282 1.702923

1.589100 1.732406
1.849256 1.766918

1.849256 1.766918
1.804431 2.160614

1.804431 2.160614
1.589100 1.732406

1.589100 1.732406
1.804431 2.160614

1.804431 2.160614
1.546993 2.129194

1.546993 2.129194
1.589100 1.732406

1.849256 1.766918
2.107931 1.807357

2.107931 1.807357
2.061654 2.196525

2.061654 2.196525
1.849256 1.766918

1.849256 1.766918
2.061654 2.196525

2.061654 2.196525
1.804431 2.160614

1.804431 2.160614
1.849256 1.766918

2.107931 1.807357
2.367217 1.854558

2.367217 1.854558
2.320503 2.237418

2.320503 2.237418
2.107931 1.807357

2.107931 1.807357
2.320503 2.237418

2.320503 2.237418
2.061654 2.196525

2.061654 2.196525
2.107931 1.807357

2.367217 1.854558
2.629952 1.909204

2.629952 1.909204
2.583388 2.283667

2.583388 2.283667
2.367217 1.854558

2.367217 1.854558
2.583388 2.283667

2.583388 2.283667
2.320503 2.237418

2.320503 2.237418
2.367217 1.854558

2.629952 1.909204
2.899330 1.971685

2.899330 1.971685
2.853015 2.335485

2.853015 2.335485
2.629952 1.909204

2.629952 1.909204
2.853015 2.335485

2.853015 2.335485
2.583388 2.283667

2.583388 2.283667
2.629952 1.909204

2.899330 1.971685
3.178261 2.041973

3.178261 2.041973
3.132027 2.392878

3.132027 2.392878
2.899330 1.971685

2.899330 1.971685
3.132027 2.392878

3.132027 2.392878
2.853015 2.335485

2.853015 2.335485
2.899330 1.971685

3.178261 2.041973
3.468815 2.119668

3.468815 2.119668
3.422637 2.455627

3.422637 2.455627
3.178261 2.041973

3.178261 2.041973
3.422637 2.455627

3.422637 2.455627
3.132027 2.392878

3.132027 2.392878
3.178261 2.041973

3.468815 2.119668
3.772061 2.204027

3.772061 2.204027
3.726446 2.523271

3.726446 2.523271
3.468815 2.119668

3.468815 2.119668
3.726446 2.523271

3.726446 2.523271
3.422637 2.455627

3.422637 2.455627
3.468815 2.119668

3.772061 2.204027
4.088392 2.293970

4.088392 2.293970
4.044580 2.595053

4.044580 2.595053
3.772061 2.204027

3.772061 2.204027
4.044580 2.595053

4.044580 2.595053
3.726446 2.523271

3.726446 2.523271
3.772061 2.204027

4.088392 2.293970
4.418303 2.388042

4.418303 2.388042
4.378266 2.669855

4.378266 2.669855
4.088392 2.293970

4.088392 2.293970
4.378266 2.669855

4.378266 2.669855
4.044580 2.595053

4.044580 2.595053
4.088392 2.293970

4.418303 2.388042
4.763616 2.484274

4.763616 2.484274
4.729956 2.746043

4.729956 2.746043
4.418303 2.388042

4.418303 2.388042
4.729956 2.746043

4.729956 2.746043
4.378266 2.669855

4.378266 2.669855
4.418303 2.388042

4.763616 2.484274
5.129478 2.579770

5.129478 2.579770
5.105268 2.821138

5.105268 2.821138
4.763616 2.484274

4.763616 2.484274
5.105268 2.821138

5.105268 2.821138
4.729956 2.746043

4.729956 2.746043
4.763616 2.484274

5.129478 2.579770
5.528421 2.669519

5.528421 2.669519
5.516709 2.890993

5.516709 2.890993
5.129478 2.579770

5.129478 2.579770
5.516709 2.890993

5.516709 2.890993
5.105268 2.821138

5.105268 2.821138
5.129478 2.579770

5.528421 2.669519
5.990247 2.743060

5.990247 2.743060
5.991273 2.947864

5.991273 2.947864
5.528421 2.669519

5.528421 2.669519
5.991273 2.947864

5.991273 2.947864
5.516709 2.890993

5.516709 2.890993
5.528421 2.669519

5.990247 2.743060
6.578603 2.777816

6.578603 2.777816
6.575282 2.978217

6.575282 2.978217
5.990247 2.743060

5.990247 2.743060
6.575282 2.978217

6.575282 2.978217
5.991273 2.947864

5.991273 2.947864
5.990247 2.743060

6.578603 2.777816
7.188701 2.791419

7.188701 2.791419
7.185749 2.991267

7.185749 2.991267
6.578603 2.777816

6.578603 2.777816
7.185749 2.991267

7.185749 2.991267
6.575282 2.978217

6.575282 2.978217
6.578603 2.777816

7.188701 2.791419
7.795085 2.796689

7.795085 2.796689
7.793515 2.996575

7.793515 2.996575
7.188701 2.791419

7.188701 2.791419
7.793515 2.996575

7.793515 2.996575
7.185749 2.991267

7.185749 2.991267
7.188701 2.791419

7.795085 2.796689
8.398016 2.798863

8.398016 2.798863
8.397353 2.998815

8.397353 2.998815
7.795085 2.796689

7.795085 2.796689
8.397353 2.998815

8.397353 2.998815
7.793515 2.996575

7.793515 2.996575
7.795085 2.796689

8.398016 2.798863
9.000000 2.800000

9.000000 2.800000
9.000000 3.000000

9.000000 3.000000
8.398016 2.798863

8.398016 2.798863
9.000000 3.000000

9.000000 3.000000
8.397353 2.998815

8.397353 2.998815
8.398016 2.798863

0.000000 2.000000
0.249797 2.017829

0.249797 2.017829
0.242917 2.416704

0.242917 2.416704
0.000000 2.000000

0.000000 2.000000
0.242917 2.416704

0.242917 2.416704
0.000000 2.400000

0.000000 2.400000
0.000000 2.000000

0.249797 2.017829
0.506522 2.036237

0.506522 2.036237
0.492864 2.433779

0.492864 2.433779
0.249797 2.017829

0.249797 2.017829
0.492864 2.433779

0.492864 2.433779
0.242917 2.416704

0.242917 2.416704
0.249797 2.017829

0.506522 2.036237
0.766784 2.055891

0.766784 2.055891
0.747051 2.451778

0.747051 2.451778
0.506522 2.036237

0.506522 2.036237
0.747051 2.451778

0.747051 2.451778
0.492864 2.433779

0.492864 2.433779
0.506522 2.036237

0.766784 2.055891
1.027926 2.077479

1.027926 2.077479
1.003173 2.471258

1.003173 2.471258
0.766784 2.055891

0.766784 2.055891
1.003173 2.471258

1.003173 2.471258
0.747051 2.451778

0.747051 2.451778
0.766784 2.055891

1.027926 2.077479
1.288235 2.101691

1.288235 2.101691
1.259691 2.492756

1.259691 2.492756
1.027926 2.077479

1.027926 2.077479
1.259691 2.492756

1.259691 2.492756
1.003173 2.471258

1.003173 2.471258
1.027926 2.077479

1.288235 2.101691
1.546993 2.129194

1.546993 2.129194
1.515935 2.516770

1.515935 2.516770
1.288235 2.101691

1.288235 2.101691
1.515935 2.516770

1.515935 2.516770
1.259691 2.492756

1.259691 2.492756
1.288235 2.101691

1.546993 2.129194
1.804431 2.160614

1.804431 2.160614
1.772084 2.543739

1.772084 2.543739
1.546993 2.129194

1.546993 2.129194
1.772084 2.543739

1.772084 2.543739
1.515935 2.516770

1.515935 2.516770
1.546993 2.129194

1.804431 2.160614
2.061654 2.196525

2.061654 2.196525
2.029082 2.574039

2.029082 2.574039
1.804431 2.160614

1.804431 2.160614
2.029082 2.574039

2.029082 2.574039
1.772084 2.543739

1.772084 2.543739
1.804431 2.160614

2.061654 2.196525
2.320503 2.237418

2.320503 2.237418
2.288510 2.607966

2.288510 2.607966
2.061654 2.196525

2.061654 2.196525
2.288510 2.607966

2.288510 2.607966
2.029082 2.574039

2.029082 2.574039
2.061654 2.196525

2.320503 2.237418
2.583388 2.283667

2.583388 2.283667
2.552430 2.645726

2.552430 2.645726
2.320503 2.237418

2.320503 2.237418
2.552430 2.645726

2.552430 2.645726
2.288510 2.607966

2.288510 2.607966
2.320503 2.237418

2.583388 2.283667
2.853015 2.335485

2.853015 2.335485
2.823195 2.687412

2.823195 2.687412
2.583388 2.283667

2.583388 2.283667
2.823195 2.687412

2.823195 2.687412
2.552430 2.645726

2.552430 2.645726
2.583388 2.283667

2.853015 2.335485
3.132027 2.392878

3.132027 2.392878
3.103216 2.732989

3.103216 2.732989
2.853015 2.335485

2.853015 2.335485
3.103216 2.732989

3.103216 2.732989
2.823195 2.687412

2.823195 2.687412
2.853015 2.335485

3.132027 2.392878
3.422637 2.455627

3.422637 2.455627
3.394717 2.782274

3.394717 2.782274
3.132027 2.392878

3.132027 2.392878
3.394717 2.782274

3.394717 2.782274
3.103216 2.732989

3.103216 2.732989
3.132027 2.392878

3.422637 2.455627
3.726446 2.523271

3.726446 2.523271
3.699587 2.834907

3.699587 2.834907
3.422637 2.455627

3.422637 2.455627
3.699587 2.834907

3.699587 2.834907
3.394717 2.782274

3.394717 2.782274
3.422637 2.455627

3.726446 2.523271
4.044580 2.595053

4.044580 2.595053
4.019444 2.890304

4.019444 2.890304
3.726446 2.523271

3.726446 2.523271
4.019444 2.890304

4.019444 2.890304
3.699587 2.834907

3.699587 2.834907
3.726446 2.523271

4.044580 2.595053
4.378266 2.669855

4.378266 2.669855
4.356072 2.947583

4.356072 2.947583
4.044580 2.595053

4.044580 2.595053
4.356072 2.947583

4.356072 2.947583
4.019444 2.890304

4.019444 2.890304
4.044580 2.595053

4.378266 2.669855
4.729956 2.746043

4.729956 2.746043
4.712400 3.005435

4.712400 3.005435
4.378266 2.669855

4.378266 2.669855
4.712400 3.005435

4.712400 3.005435
4.356072 2.947583

4.356072 2.947583
4.378266 2.669855

4.729956 2.746043
5.105268 2.821138

5.105268 2.821138
5.094283 3.061885

5.094283 3.061885
4.729956 2.746043

4.729956 2.746043
5.094283 3.061885

5.094283 3.061885
4.712400 3.005435

4.712400 3.005435
4.729956 2.746043

5.105268 2.821138
5.516709 2.890993

5.516709 2.890993
5.513797 3.113796

5.513797 3.113796
5.105268 2.821138

5.105268 2.821138
5.513797 3.113796

5.513797 3.113796
5.094283 3.061885

5.094283 3.061885
5.105268 2.821138

5.516709 2.890993
5.991273 2.947864

5.991273 2.947864
5.995086 3.155918

5.995086 3.155918
5.516709 2.890993

5.516709 2.890993
5.995086 3.155918

5.995086 3.155918
5.513797 3.113796

5.513797 3.113796
5.516709 2.890993

5.991273 2.947864
6.575282 2.978217

6.575282 2.978217
6.573882 3.180532

6.573882 3.180532
5.991273 2.947864

5.991273 2.947864
6.573882 3.180532

6.573882 3.180532
5.995086 3.155918

5.995086 3.155918
5.991273 2.947864

6.575282 2.978217
7.185749 2.991267

7.185749 2.991267
7.183511 3.191951

7.183511 3.191951
6.575282 2.978217

6.575282 2.978217
7.183511 3.191951

7.183511 3.191951
6.573882 3.180532

6.573882 3.180532
6.575282 2.978217

7.185749 2.991267
7.793515 2.996575

7.793515 2.996575
7.792154 3.196795

7.792154 3.196795
7.185749 2.991267

7.185749 2.991267
7.792154 3.196795

7.792154 3.196795
7.183511 3.191951

7.183511 3.191951
7.185749 2.991267

7.793515 2.996575
8.397353 2.998815

8.397353 2.998815
8.396759 3.198884

8.396759 3.198884
7.793515 2.996575

7.793515 2.996575
8.396759 3.198884

8.396759 3.198884
7.792154 3.196795

7.792154 3.196795
7.793515 2.996575

8.397353 2.998815
9.000000 3.000000

9.000000 3.000000
9.000000 3.200000

9.000000 3.200000
8.397353 2.998815

8.397353 2.998815
9.000000 3.200000

9.000000 3.200000
8.396759 3.198884

8.396759 3.198884
8.397353 2.998815

0.000000 2.400000
0.242917 2.416704

0.242917 2.416704
0.239448 2.814282

0.239448 2.814282
0.000000 2.400000

0.000000 2.400000
0.239448 2.814282

0.239448 2.814282
0.000000 2.800000

0.000000 2.800000
0.000000 2.400000

0.242917 2.416704
0.492864 2.433779

0.492864 2.433779
0.485490 2.828765

0.485490 2.828765
0.242917 2.416704

0.242917 2.416704
0.485490 2.828765

0.485490 2.828765
0.239448 2.814282

0.239448 2.814282
0.242917 2.416704

0.492864 2.433779
0.747051 2.451778

0.747051 2.451778
0.736037 2.843884

0.736037 2.843884
0.492864 2.433779

0.492864 2.433779
0.736037 2.843884

0.736037 2.843884
0.485490 2.828765

0.485490 2.828765
0.492864 2.433779

0.747051 2.451778
1.003173 2.471258

1.003173 2.471258
0.989259 2.860074

0.989259 2.860074
0.747051 2.451778

0.747051 2.451778
0.989259 2.860074

0.989259 2.860074
0.736037 2.843884

0.736037 2.843884
0.747051 2.451778

1.003173 2.471258
1.259691 2.492756

1.259691 2.492756
1.243872 2.877742

1.243872 2.877742
1.003173 2.471258

1.003173 2.471258
1.243872 2.877742

1.243872 2.877742
0.989259 2.860074

0.989259 2.860074
1.003173 2.471258

1.259691 2.492756
1.515935 2.516770

1.515935 2.516770
1.499288 2.897251

1.499288 2.897251
1.259691 2.492756

1.259691 2.492756
1.499288 2.897251

1.499288 2.897251
1.243872 2.877742

1.243872 2.877742
1.259691 2.492756

1.515935 2.516770
1.772084 2.543739

1.772084 2.543739
1.755640 2.918904

1.755640 2.918904
1.515935 2.516770

1.515935 2.516770
1.755640 2.918904

1.755640 2.918904
1.499288 2.897251

1.499288 2.897251
1.515935 2.516770

1.772084 2.543739
2.029082 2.574039

2.029082 2.574039
2.013718 2.942938

2.013718 2.942938
1.772084 2.543739

1.772084 2.543739
2.013718 2.942938

2.013718 2.942938
1.755640 2.918904

1.755640 2.918904
1.772084 2.543739

2.029082 2.574039
2.288510 2.607966

2.288510 2.607966
2.274871 2.969519

2.274871 2.969519
2.029082 2.574039

2.029082 2.574039
2.274871 2.969519

2.274871 2.969519
2.013718 2.942938

2.013718 2.942938
2.029082 2.574039

2.288510 2.607966
2.552430 2.645726

2.552430 2.645726
2.540876 2.998731

2.540876 2.998731
2.288510 2.607966

2.288510 2.607966
2.540876 2.998731

2.540876 2.998731
2.274871 2.969519

2.274871 2.969519
2.288510 2.607966

2.552430 2.645726
2.823195 2.687412

2.823195 2.687412
2.813794 3.030573

2.813794 3.030573
2.552430 2.645726

2.552430 2.645726
2.813794 3.030573

2.813794 3.030573
2.540876 2.998731

2.540876 2.998731
2.552430 2.645726

2.823195 2.687412
3.103216 2.732989

3.103216 2.732989
3.095800 3.064949

3.095800 3.064949
2.823195 2.687412

2.823195 2.687412
3.095800 3.064949

3.095800 3.064949
2.813794 3.030573

2.813794 3.030573
2.823195 2.687412

3.103216 2.732989
3.394717 2.782274

3.394717 2.782274
3.389021 3.101655

3.389021 3.101655
3.103216 2.732989

3.103216 2.732989
3.389021 3.101655

3.389021 3.101655
3.095800 3.064949

3.095800 3.064949
3.103216 2.732989

3.394717 2.782274
3.699587 2.834907

3.699587 2.834907
3.695419 3.140361

3.695419 3.140361
3.394717 2.782274

3.394717 2.782274
3.695419 3.140361

3.695419 3.140361
3.389021 3.101655

3.389021 3.101655
3.394717 2.782274

3.699587 2.834907
4.019444 2.890304

4.019444 2.890304
4.016846 3.180582

4.016846 3.180582
3.699587 2.834907

3.699587 2.834907
4.016846 3.180582

4.016846 3.180582
3.695419 3.140361

3.695419 3.140361
3.699587 2.834907

4.019444 2.890304
4.356072 2.947583

4.356072 2.947583
4.355390 3.221619

4.355390 3.221619
4.019444 2.890304

4.019444 2.890304
4.355390 3.221619

4.355390 3.221619
4.016846 3.180582

4.016846 3.180582
4.019444 2.890304

4.356072 2.947583
4.712400 3.005435

4.712400 3.005435
4.714206 3.262473

4.714206 3.262473
4.356072 2.947583

4.356072 2.947583
4.714206 3.262473

4.714206 3.262473
4.355390 3.221619

4.355390 3.221619
4.356072 2.947583

4.712400 3.005435
5.094283 3.061885

5.094283 3.061885
5.099074 3.301707

5.099074 3.301707
4.712400 3.005435

4.712400 3.005435
5.099074 3.301707

5.099074 3.301707
4.714206 3.262473

4.714206 3.262473
4.712400 3.005435

5.094283 3.061885
5.513797 3.113796

5.513797 3.113796
5.521233 3.337223

5.521233 3.337223
5.094283 3.061885

5.094283 3.061885
5.521233 3.337223

5.521233 3.337223
5.099074 3.301707

5.099074 3.301707
5.094283 3.061885

5.513797 3.113796
5.995086 3.155918

5.995086 3.155918
6.002233 3.365984

6.002233 3.365984
5.513797 3.113796

5.513797 3.113796
6.002233 3.365984

6.002233 3.365984
5.521233 3.337223

5.521233 3.337223
5.513797 3.113796

5.995086 3.155918
6.573882 3.180532

6.573882 3.180532
6.574707 3.384308

6.574707 3.384308
5.995086 3.155918

5.995086 3.155918
6.574707 3.384308

6.574707 3.384308
6.002233 3.365984

6.002233 3.365984
5.995086 3.155918

6.573882 3.180532
7.183511 3.191951

7.183511 3.191951
7.182375 3.393347

7.182375 3.393347
6.573882 3.180532

6.573882 3.180532
7.182375 3.393347

7.182375 3.393347
6.574707 3.384308

6.574707 3.384308
6.573882 3.180532

7.183511 3.191951
7.792154 3.196795

7.792154 3.196795
7.791241 3.397315

7.791241 3.397315
7.183511 3.191951

7.183511 3.191951
7.791241 3.397315

7.791241 3.397315
7.182375 3.393347

7.182375 3.393347
7.183511 3.191951

7.792154 3.196795
8.396759 3.198884

8.396759 3.198884
8.396341 3.399059

8.396341 3.399059
7.792154 3.196795

7.792154 3.196795
8.396341 3.399059

8.396341 3.399059
7.791241 3.397315

7.791241 3.397315
7.792154 3.196795

8.396759 3.198884
9.000000 3.200000

9.000000 3.200000
9.000000 3.400000

9.000000 3.400000
8.396759 3.198884

8.396759 3.198884
9.000000 3.400000

9.000000 3.400000
8.396341 3.399059

8.396341 3.399059
8.396759 3.198884

0.000000 2.800000
0.239448 2.814282

0.239448 2.814282
0.240984 3.210763

0.240984 3.210763
0.000000 2.800000

0.000000 2.800000
0.240984 3.210763

0.240984 3.210763
0.000000 3.200000

0.000000 3.200000
0.000000 2.800000

0.239448 2.814282
0.485490 2.828765

0.485490 2.828765
0.487670 3.221609

0.487670 3.221609
0.239448 2.814282

0.239448 2.814282
0.487670 3.221609

0.487670 3.221609
0.240984 3.210763

0.240984 3.210763
0.239448 2.814282

0.485490 2.828765
0.736037 2.843884

0.736037 2.843884
0.738668 3.232859

0.738668 3.232859
0.485490 2.828765

0.485490 2.828765
0.738668 3.232859

0.738668 3.232859
0.487670 3.221609

0.487670 3.221609
0.485490 2.828765

0.736037 2.843884
0.989259 2.860074

0.989259 2.860074
0.992654 3.244829

0.992654 3.244829
0.736037 2.843884

0.736037 2.843884
0.992654 3.244829

0.992654 3.244829
0.738668 3.232859

0.738668 3.232859
0.736037 2.843884

0.989259 2.860074
1.243872 2.877742

1.243872 2.877742
1.248654 3.257811

1.248654 3.257811
0.989259 2.860074

0.989259 2.860074
1.248654 3.257811

1.248654 3.257811
0.992654 3.244829

0.992654 3.244829
0.989259 2.860074

1.243872 2.877742
1.499288 2.897251

1.499288 2.897251
1.506224 3.272048

1.506224 3.272048
1.243872 2.877742

1.243872 2.877742
1.506224 3.272048

1.506224 3.272048
1.248654 3.257811

1.248654 3.257811
1.243872 2.877742

1.499288 2.897251
1.755640 2.918904

1.755640 2.918904
1.765499 3.287730

1.765499 3.287730
1.499288 2.897251

1.499288 2.897251
1.765499 3.287730

1.765499 3.287730
1.506224 3.272048

1.506224 3.272048
1.499288 2.897251

1.755640 2.918904
2.013718 2.942938

2.013718 2.942938
2.027168 3.304981

2.027168 3.304981
1.755640 2.918904

1.755640 2.918904
2.027168 3.304981

2.027168 3.304981
1.765499 3.287730

1.765499 3.287730
1.755640 2.918904

2.013718 2.942938
2.274871 2.969519

2.274871 2.969519
2.292387 3.323858

2.292387 3.323858
2.013718 2.942938

2.013718 2.942938
2.292387 3.323858

2.292387 3.323858
2.027168 3.304981

2.027168 3.304981
2.013718 2.942938

2.274871 2.969519
2.540876 2.998731

2.540876 2.998731
2.562671 3.344347

2.562671 3.344347
2.274871 2.969519

2.274871 2.969519
2.562671 3.344347

2.562671 3.344347
2.292387 3.323858

2.292387 3.323858
2.274871 2.969519

2.540876 2.998731
2.813794 3.030573

2.813794 3.030573
2.839768 3.366365

2.839768 3.366365
2.540876 2.998731

2.540876 2.998731
2.839768 3.366365

2.839768 3.366365
2.562671 3.344347

2.562671 3.344347
2.540876 2.998731

2.813794 3.030573
3.095800 3.064949

3.095800 3.064949
3.125528 3.389756

3.125528 3.389756
2.813794 3.030573

2.813794 3.030573
3.125528 3.389756

3.125528 3.389756
2.839768 3.366365

2.839768 3.366365
2.813794 3.030573

3.095800 3.064949
3.389021 3.101655

3.389021 3.101655
3.421784 3.414294

3.421784 3.414294
3.095800 3.064949

3.095800 3.064949
3.421784 3.414294

3.421784 3.414294
3.125528 3.389756

3.125528 3.389756
3.095800 3.064949

3.389021 3.101655
3.695419 3.140361

3.695419 3.140361
3.730286 3.439674

3.730286 3.439674
3.389021 3.101655

3.389021 3.101655
3.730286 3.439674

3.730286 3.439674
3.421784 3.414294

3.421784 3.414294
3.389021 3.101655

3.695419 3.140361
4.016846 3.180582

4.016846 3.180582
4.052762 3.465500

4.052762 3.465500
3.695419 3.140361

3.695419 3.140361
4.052762 3.465500

4.052762 3.465500
3.730286 3.439674

3.730286 3.439674
3.695419 3.140361

4.016846 3.180582
4.355390 3.221619

4.355390 3.221619
4.391213 3.491259

4.391213 3.491259
4.016846 3.180582

4.016846 3.180582
4.391213 3.491259

4.391213 3.491259
4.052762 3.465500

4.052762 3.465500
4.016846 3.180582

4.355390 3.221619
4.714206 3.262473

4.714206 3.262473
4.748563 3.516277

4.748563 3.516277
4.355390 3.221619

4.355390 3.221619
4.748563 3.516277

4.748563 3.516277
4.391213 3.491259

4.391213 3.491259
4.355390 3.221619

4.714206 3.262473
5.099074 3.301707

5.099074 3.301707
5.129906 3.539674

5.129906 3.539674
4.714206 3.262473

4.714206 3.262473
5.129906 3.539674

5.129906 3.539674
4.748563 3.516277

4.748563 3.516277
4.714206 3.262473

5.099074 3.301707
5.521233 3.337223

5.521233 3.337223
5.544817 3.560341

5.544817 3.560341
5.099074 3.301707

5.099074 3.301707
5.544817 3.560341

5.544817 3.560341
5.129906 3.539674

5.129906 3.539674
5.099074 3.301707

5.521233 3.337223
6.002233 3.365984

6.002233 3.365984
6.012501 3.577065

6.012501 3.577065
5.521233 3.337223

5.521233 3.337223
6.012501 3.577065

6.012501 3.577065
5.544817 3.560341

5.544817 3.560341
5.521233 3.337223

6.002233 3.365984
6.574707 3.384308

6.574707 3.384308
6.578103 3.589092

6.578103 3.589092
6.002233 3.365984

6.002233 3.365984
6.578103 3.589092

6.578103 3.589092
6.012501 3.577065

6.012501 3.577065
6.002233 3.365984

6.574707 3.384308
7.182375 3.393347

7.182375 3.393347
7.183004 3.595290

7.183004 3.595290
6.574707 3.384308

6.574707 3.384308
7.183004 3.595290

7.183004 3.595290
6.578103 3.589092

6.578103 3.589092
6.574707 3.384308

7.182375 3.393347
7.791241 3.397315

7.791241 3.397315
7.791213 3.598077

7.791213 3.598077
7.182375 3.393347

7.182375 3.393347
7.791213 3.598077

7.791213 3.598077
7.183004 3.595290

7.183004 3.595290
7.182375 3.393347

7.791241 3.397315
8.396341 3.399059

8.396341 3.399059
8.396293 3.599322

8.396293 3.599322
7.791241 3.397315

7.791241 3.397315
8.396293 3.599322

8.396293 3.599322
7.791213 3.598077

7.791213 3.598077
7.791241 3.397315

8.396341 3.399059
9.000000 3.400000

9.000000 3.400000
9.000000 3.600000

9.000000 3.600000
8.396341 3.399059

8.396341 3.399059
9.000000 3.600000

9.000000 3.600000
8.396293 3.599322

8.396293 3.599322
8.396341 3.399059

0.000000 3.200000
0.240984 3.210763

0.240984 3.210763
0.252764 3.606220

0.252764 3.606220
0.000000 3.200000

0.000000 3.200000
0.252764 3.606220

0.252764 3.606220
0.000000 3.600000

0.000000 3.600000
0.000000 3.200000

0.240984 3.210763
0.487670 3.221609

0.487670 3.221609
0.509920 3.612447

0.509920 3.612447
0.240984 3.210763

0.240984 3.210763
0.509920 3.612447

0.509920 3.612447
0.252764 3.606220

0.252764 3.606220
0.240984 3.210763

0.487670 3.221609
0.738668 3.232859

0.738668 3.232859
0.770643 3.618884

0.770643 3.618884
0.487670 3.221609

0.487670 3.221609
0.770643 3.618884

0.770643 3.618884
0.509920 3.612447

0.509920 3.612447
0.487670 3.221609

0.738668 3.232859
0.992654 3.244829

0.992654 3.244829
1.034057 3.625727

1.034057 3.625727
0.738668 3.232859

0.738668 3.232859
1.034057 3.625727

1.034057 3.625727
0.770643 3.618884

0.770643 3.618884
0.738668 3.232859

0.992654 3.244829
1.248654 3.257811

1.248654 3.257811
1.299538 3.633145

1.299538 3.633145
0.992654 3.244829

0.992654 3.244829
1.299538 3.633145

1.299538 3.633145
1.034057 3.625727

1.034057 3.625727
0.992654 3.244829

1.248654 3.257811
1.506224 3.272048

1.506224 3.272048
1.566868 3.641262

1.566868 3.641262
1.248654 3.257811

1.248654 3.257811
1.566868 3.641262

1.566868 3.641262
1.299538 3.633145

1.299538 3.633145
1.248654 3.257811

1.506224 3.272048
1.765499 3.287730

1.765499 3.287730
1.836271 3.650152

1.836271 3.650152
1.506224 3.272048

1.506224 3.272048
1.836271 3.650152

1.836271 3.650152
1.566868 3.641262

1.566868 3.641262
1.506224 3.272048

1.765499 3.287730
2.027168 3.304981

2.027168 3.304981
2.108361 3.659834

2.108361 3.659834
1.765499 3.287730

1.765499 3.287730
2.108361 3.659834

2.108361 3.659834
1.836271 3.650152

1.836271 3.650152
1.765499 3.287730

2.027168 3.304981
2.292387 3.323858

2.292387 3.323858
2.384042 3.670274

2.384042 3.670274
2.027168 3.304981

2.027168 3.304981
2.384042 3.670274

2.384042 3.670274
2.108361 3.659834

2.108361 3.659834
2.027168 3.304981

2.292387 3.323858
2.562671 3.344347

2.562671 3.344347
2.664397 3.681388

2.664397 3.681388
2.292387 3.323858

2.292387 3.323858
2.664397 3.681388

2.664397 3.681388
2.384042 3.670274

2.384042 3.670274
2.292387 3.323858

2.562671 3.344347
2.839768 3.366365

2.839768 3.366365
2.950581 3.693051

2.950581 3.693051
2.562671 3.344347

2.562671 3.344347
2.950581 3.693051

2.950581 3.693051
2.664397 3.681388

2.664397 3.681388
2.562671 3.344347

2.839768 3.366365
3.125528 3.389756

3.125528 3.389756
3.243742 3.705107

3.243742 3.705107
2.839768 3.366365

2.839768 3.366365
3.243742 3.705107

3.243742 3.705107
2.950581 3.693051

2.950581 3.693051
2.839768 3.366365

3.125528 3.389756
3.421784 3.414294

3.421784 3.414294
3.544965 3.717372

3.544965 3.717372
3.125528 3.389756

3.125528 3.389756
3.544965 3.717372

3.544965 3.717372
3.243742 3.705107

3.243742 3.705107
3.125528 3.389756

3.421784 3.414294
3.730286 3.439674

3.730286 3.439674
3.855278 3.729641

3.855278 3.729641
3.421784 3.414294

3.421784 3.414294
3.855278 3.729641

3.855278 3.729641
3.544965 3.717372

3.544965 3.717372
3.421784 3.414294

3.730286 3.439674
4.052762 3.465500

4.052762 3.465500
4.175726 3.741682

4.175726 3.741682
3.730286 3.439674

3.730286 3.439674
4.175726 3.741682

4.175726 3.741682
3.855278 3.729641

3.855278 3.729641
3.730286 3.439674

4.052762 3.465500
4.391213 3.491259

4.391213 3.491259
4.507570 3.753232

4.507570 3.753232
4.052762 3.465500

4.052762 3.465500
4.507570 3.753232

4.507570 3.753232
4.175726 3.741682

4.175726 3.741682
4.052762 3.465500

4.391213 3.491259
4.748563 3.516277

4.748563 3.516277
4.852675 3.763988

4.852675 3.763988
4.391213 3.491259

4.391213 3.491259
4.852675 3.763988

4.852675 3.763988
4.507570 3.753232

4.507570 3.753232
4.391213 3.491259

4.748563 3.516277
5.129906 3.539674

5.129906 3.539674
5.214242 3.773617

5.214242 3.773617
4.748563 3.516277

4.748563 3.516277
5.214242 3.773617

5.214242 3.773617
4.852675 3.763988

4.852675 3.763988
4.748563 3.516277

5.129906 3.539674
5.544817 3.560341

5.544817 3.560341
5.598446 3.781801

5.598446 3.781801
5.129906 3.539674

5.129906 3.539674
5.598446 3.781801

5.598446 3.781801
5.214242 3.773617

5.214242 3.773617
5.129906 3.539674

5.544817 3.560341
6.012501 3.577065

6.012501 3.577065
6.020888 3.788427

6.020888 3.788427
5.544817 3.560341

5.544817 3.560341
6.020888 3.788427

6.020888 3.788427
5.598446 3.781801

5.598446 3.781801
5.544817 3.560341

6.012501 3.577065
6.578103 3.589092

6.578103 3.589092
6.584960 3.794463

6.584960 3.794463
6.012501 3.577065

6.012501 3.577065
6.584960 3.794463

6.584960 3.794463
6.020888 3.788427

6.020888 3.788427
6.012501 3.577065

6.578103 3.589092
7.183004 3.595290

7.183004 3.595290
7.187121 3.797584

7.187121 3.797584
6.578103 3.589092

6.578103 3.589092
7.187121 3.797584

7.187121 3.797584
6.584960 3.794463

6.584960 3.794463
6.578103 3.589092

7.183004 3.595290
7.791213 3.598077

7.791213 3.598077
7.793143 3.799004

7.793143 3.799004
7.183004 3.595290

7.183004 3.595290
7.793143 3.799004

7.793143 3.799004
7.187121 3.797584

7.187121 3.797584
7.183004 3.595290

7.791213 3.598077
8.396293 3.599322

8.396293 3.599322
8.397086 3.799647

8.397086 3.799647
7.791213 3.598077

7.791213 3.598077
8.397086 3.799647

8.397086 3.799647
7.793143 3.799004

7.793143 3.799004
7.791213 3.598077

8.396293 3.599322
9.000000 3.600000

9.000000 3.600000
9.000000 3.800000

9.000000 3.800000
8.396293 3.599322

8.396293 3.599322
9.000000 3.800000

9.000000 3.800000
8.397086 3.799647

8.397086 3.799647
8.396293 3.599322

0.000000 3.600000
0.252764 3.606220

0.252764 3.606220
0.300000 4.000000

0.300000 4.000000
0.000000 3.600000

0.000000 3.600000
0.300000 4.000000

0.300000 4.000000
0.000000 4.000000

0.000000 4.000000
0.000000 3.600000

0.252764 3.606220
0.509920 3.612447

0.509920 3.612447
0.600000 4.000000

0.600000 4.000000
0.252764 3.606220

0.252764 3.606220
0.600000 4.000000

0.600000 4.000000
0.300000 4.000000

0.300000 4.000000
0.252764 3.606220

0.509920 3.612447
0.770643 3.618884

0.770643 3.618884
0.900000 4.000000

0.900000 4.000000
0.509920 3.612447

0.509920 3.612447
0.900000 4.000000

0.900000 4.000000
0.600000 4.000000

0.600000 4.000000
0.509920 3.612447

0.770643 3.618884
1.034057 3.625727

1.034057 3.625727
1.200000 4.000000

1.200000 4.000000
0.770643 3.618884

0.770643 3.618884
1.200000 4.000000

1.200000 4.000000
0.900000 4.000000

0.900000 4.000000
0.770643 3.618884

1.034057 3.625727
1.299538 3.633145

1.299538 3.633145
1.500000 4.000000

1.500000 4.000000
1.034057 3.625727

1.034057 3.625727
1.500000 4.000000

1.500000 4.000000
1.200000 4.000000

1.200000 4.000000
1.034057 3.625727

1.299538 3.633145
1.566868 3.641262

1.566868 3.641262
1.800000 4.000000

1.800000 4.000000
1.299538 3.633145

1.299538 3.633145
1.800000 4.000000

1.800000 4.000000
1.500000 4.000000

1.500000 4.000000
1.299538 3.633145

1.566868 3.641262
1.836271 3.650152

1.836271 3.650152
2.100000 4.000000

2.100000 4.000000
1.566868 3.641262

1.566868 3.641262
2.100000 4.000000

2.100000 4.000000
1.800000 4.000000

1.800000 4.000000
1.566868 3.641262

1.836271 3.650152
2.108361 3.659834

2.108361 3.659834
2.400000 4.000000

2.400000 4.000000
1.836271 3.650152

1.836271 3.650152
2.400000 4.000000

2.400000 4.000000
2.100000 4.000000

2.100000 4.000000
1.836271 3.650152

2.108361 3.659834
2.384042 3.670274

2.384042 3.670274
2.700000 4.000000

2.700000 4.000000
2.108361 3.659834

2.108361 3.659834
2.700000 4.000000

2.700000 4.000000
2.400000 4.000000

2.400000 4.000000
2.108361 3.659834

2.384042 3.670274
2.664397 3.681388

2.664397 3.681388
3.000000 4.000000

3.000000 4.000000
2.384042 3.670274

2.384042 3.670274
3.000000 4.000000

3.000000 4.000000
2.700000 4.000000

2.700000 4.000000
2.384042 3.670274

2.664397 3.681388
2.950581 3.693051

2.950581 3.693051
3.300000 4.000000

3.300000 4.000000
2.664397 3.681388

2.664397 3.681388
3.300000 4.000000

3.300000 4.000000
3.000000 4.000000

3.000000 4.000000
2.664397 3.681388

2.950581 3.693051
3.243742 3.705107

3.243742 3.705107
3.600000 4.000000

3.600000 4.000000
2.950581 3.693051

2.950581 3.693051
3.600000 4.000000

3.600000 4.000000
3.300000 4.000000

3.300000 4.000000
2.950581 3.693051

3.243742 3.705107
3.544965 3.717372

3.544965 3.717372
3.900000 4.000000

3.900000 4.000000
3.243742 3.705107

3.243742 3.705107
3.900000 4.000000

3.900000 4.000000
3.600000 4.000000

3.600000 4.000000
3.243742 3.705107

3.544965 3.717372
3.855278 3.729641

3.855278 3.729641
4.200000 4.000000

4.200000 4.000000
3.544965 3.717372

3.544965 3.717372
4.200000 4.000000

4.200000 4.000000
3.900000 4.000000

3.900000 4.000000
3.544965 3.717372

3.855278 3.729641
4.175726 3.741682

4.175726 3.741682
4.500000 4.000000

4.500000 4.000000
3.855278 3.729641

3.855278 3.729641
4.500000 4.000000

4.500000 4.000000
4.200000 4.000000

4.200000 4.000000
3.855278 3.729641

4.175726 3.741682
4.507570 3.753232

4.507570 3.753232
4.800000 4.000000

4.800000 4.000000
4.175726 3.741682

4.175726 3.741682
4.800000 4.000000

4.800000 4.000000
4.500000 4.000000

4.500000 4.000000
4.175726 3.741682

4.507570 3.753232
4.852675 3.763988

4.852675 3.763988
5.100000 4.000000

5.100000 4.000000
4.507570 3.753232

4.507570 3.753232
5.100000 4.000000

5.100000 4.000000
4.800000 4.000000

4.800000 4.000000
4.507570 3.753232

4.852675 3.763988
5.214242 3.773617

5.214242 3.773617
5.400000 4.000000

5.400000 4.000000
4.852675 3.763988

4.852675 3.763988
5.400000 4.000000

5.400000 4.000000
5.100000 4.000000

5.100000 4.000000
4.852675 3.763988

5.214242 3.773617
5.598446 3.781801

5.598446 3.781801
5.700000 4.000000

5.700000 4.000000
5.214242 3.773617

5.214242 3.773617
5.700000 4.000000

5.700000 4.000000
5.400000 4.000000

5.400000 4.000000
5.214242 3.773617

5.598446 3.781801
6.020888 3.788427

6.020888 3.788427
6.000000 4.000000

6.000000 4.000000
5.598446 3.781801

5.598446 3.781801
6.000000 4.000000

6.000000 4.000000
5.700000 4.000000

5.700000 4.000000
5.598446 3.781801

6.020888 3.788427
6.584960 3.794463

6.584960 3.794463
6.600000 4.000000

6.600000 4.000000
6.020888 3.788427

6.020888 3.788427
6.600000 4.000000

6.600000 4.000000
6.000000 4.000000

6.000000 4.000000
6.020888 3.788427

6.584960 3.794463
7.187121 3.797584

7.187121 3.797584
7.200000 4.000000

7.200000 4.000000
6.584960 3.794463

6.584960 3.794463
7.200000 4.000000

7.200000 4.000000
6.600000 4.000000

6.600000 4.000000
6.584960 3.794463

7.187121 3.797584
7.793143 3.799004

7.793143 3.799004
7.800000 4.000000

7.800000 4.000000
7.187121 3.797584

7.187121 3.797584
7.800000 4.000000

7.800000 4.000000
7.200000 4.000000

7.200000 4.000000
7.187121 3.797584

7.793143 3.799004
8.397086 3.799647

8.397086 3.799647
8.400000 4.000000

8.400000 4.000000
7.793143 3.799004

7.793143 3.799004
8.400000 4.000000

8.400000 4.000000
7.800000 4.000000

7.800000 4.000000
7.793143 3.799004

8.397086 3.799647
9.000000 3.800000

9.000000 3.800000
9.000000 4.000000

9.000000 4.000000
8.397086 3.799647

8.397086 3.799647
9.000000 4.000000

9.000000 4.000000
8.400000 4.000000

8.400000 4.000000
8.397086 3.799647

